2965 9 19
2965 9 18
2965 9 17

2538 9 27
2538 9 26
2538 9 25
2538 9 24

2124 10 9
2124 10 8
2124 10 7

2017 9 23
2017 9 22
2017 9 21
2017 9 20

1270 10 16
1270 10 15
1270 10 14

1246 9 15
1246 9 14
1246 9 13
1246 9 12

866 9 16
866 9 15
866 9 14
866 9 13

535 9 16

108 9 25
108 9 24
108 9 23

95 9 21
95 9 20
95 9 19

-83 9 27
-83 9 26
-83 9 25
-83 9 24

-143 9 29
-143 9 28
-143 9 27

-320 10 31
-320 10 30
-320 10 6
-320 10 5
-320 10 4
-320 10 3

-841 10 6
-841 10 5
-841 10 4
-841 10 3

-937 10 16
-937 10 15
-937 10 14

-1031 10 6

-1044 10 1
-1044 9 30
-1044 9 29

-1281 10 10
-1281 10 9
-1281 10 8

-1565 10 1

-1612 11 6
-1612 11 5
-1612 11 4

-1612 10 10
-1612 10 9
-1612 10 8
-1612 10 7

-1992 10 11
-1992 10 10
-1992 10 9

-2229 10 20
-2229 10 19
-2229 10 18

-2289 10 24
-2289 10 23
-2289 10 22

-2347 10 7

-2584 10 16
-2584 10 15
-2584 10 14

-2953 10 15

-3319 10 13

-3380 11 22
-3380 11 21
-3380 11 20
-3380 10 26
-3380 10 25
-3380 10 24
-3380 10 23

-3901 10 26
